type: output
files:
- name: main.py
  visible: true
  placeholders:
  - offset: 0
    length: 36
    placeholder_text: '# TODO Распечатать таблицу умножения'
    initial_state:
      length: 36
      offset: 0
    initialized_from_dependency: false
    selected: false
    status: Unchecked
    encrypted_possible_answer: |-
      size = 9  # Размер таблицы умножения
      for i in range(2, size+1):
          for j in range(2, size+1):
              result = i * j
              end = " " if j != size else ""  # Не печатать пробел для последнего столбца
              print(f"{result:2}", end=end)
          print()
  text: |
    # TODO Распечатать таблицу умножения
  learner_created: false
- name: __init__.py
  visible: false
  learner_created: false
- name: tests/output.txt
  visible: false
  text: |2
     4  6  8 10 12 14 16 18
     6  9 12 15 18 21 24 27
     8 12 16 20 24 28 32 36
    10 15 20 25 30 35 40 45
    12 18 24 30 36 42 48 54
    14 21 28 35 42 49 56 63
    16 24 32 40 48 56 64 72
    18 27 36 45 54 63 72 81
  learner_created: false
status: Unchecked
record: -1
